<?xml version="1.0"?>
<opencv_storage>
<Intrinsic type_id="opencv-matrix">
  <rows>3</rows>
  <cols>3</cols>
  <dt>d</dt>
  <data>
    1.0699272074639694e+03 0. 3.1268091987084091e+02 0.
    1.0979525613577930e+03 2.6302534877354742e+02 0. 0. 1.</data></Intrinsic>
<DistortionCoefficients type_id="opencv-matrix">
  <rows>1</rows>
  <cols>5</cols>
  <dt>d</dt>
  <data>
    -2.5729383031620140e-01 6.4688667651664555e-01
    -7.5547564311463965e-03 -2.5663987168937214e-02
    1.2727655955391020e+00</data></DistortionCoefficients>
</opencv_storage>
