<?xml version="1.0"?>
<opencv_storage>
<Intrinsic type_id="opencv-matrix">
  <rows>3</rows>
  <cols>3</cols>
  <dt>d</dt>
  <data>
    1.1628927322523036e+03 0. 3.0310236022193999e+02 0.
    1.1819442886930217e+03 2.5718181105517175e+02 0. 0. 1.</data></Intrinsic>
<DistortionCoefficients type_id="opencv-matrix">
  <rows>1</rows>
  <cols>5</cols>
  <dt>d</dt>
  <data>
    -3.8880456436977645e-01 3.8059067895839442e+00
    -9.6196112271647264e-03 -5.1225846786213799e-03
    -3.4310090894297782e+00</data></DistortionCoefficients>
</opencv_storage>
